0.8757340312004089, 0.25, 0.10298162698745728, -0.25, 0.21448053419589996, 0.0, 0.31227168440818787, -0.25, 0.4122318625450134, 0.25
0.9994456768035889, 0.4630109369754791, 0.08910053223371506, -0.4630109369754791, 0.20748057961463928, -0.21301093697547913, 0.298662930727005, -0.4630109369754791, 0.39530229568481445, 0.036989063024520874
1.0, 0.4977986812591553, 0.05322915315628052, -0.4977986812591553, 0.18304674327373505, -0.24779869616031647, 0.2696384787559509, -0.4977986812591553, 0.3607093095779419, 0.0022013040725141764
1.0, 0.4999217689037323, 0.003865605453029275, -0.4999217689037323, 0.14613908529281616, -0.2499217540025711, 0.22929033637046814, -0.4999217689037323, 0.313434362411499, 7.824538624845445e-05
1.0, 0.4999985694885254, -0.048327524214982986, -0.4999985694885254, 0.10614922642707825, -0.2499985694885254, 0.18658357858657837, -0.4999985694885254, 0.2630681097507477, 1.4366572713697678e-06
1.0, 0.5000000596046448, 0.06498971581459045, -0.2500000298023224, 0.1432054191827774, -0.5000000596046448, 0.2117118090391159, -4.2467494409947903e-08, 0.3403013050556183, 0.24999995529651642
1.0, 0.5, 0.02317289635539055, -0.25, 0.09954232722520828, -0.5, 0.1600133627653122, -5.703429284409367e-09, 0.29126161336898804, 0.25
0.9072684049606323, 0.5, 0.11363457143306732, -0.5, 0.22269059717655182, 0.25, 0.3280366361141205, 0.0, 0.43205711245536804, 0.25
1.0, 0.5, 0.11752364039421082, -0.5, 0.21453963220119476, 0.25, 0.3279203772544861, 0.0, 0.4228299856185913, 0.25
1.0, 0.5, 0.11780377477407455, -0.5, 0.1959616094827652, 0.25, 0.32314684987068176, 0.0, 0.4068754315376282, 0.25
1.0, 0.5, 0.12126724421977997, -0.5, 0.1776946485042572, 0.25, 0.3207472860813141, 0.0, 0.39280638098716736, 0.25
1.0, 0.5, 0.12049387395381927, -0.5, 0.1540514975786209, 0.25, 0.31371355056762695, 0.0, 0.3740105628967285, 0.25
1.0, 0.5, 0.11057908087968826, -0.5, 0.12099779397249222, 0.25, 0.2973153591156006, 0.0, 0.3459571301937103, 0.25
1.0, 0.5, 0.0989503413438797, 0.25, 0.11148961633443832, -0.5, 0.29158008098602295, 0.0, 0.32878321409225464, 0.25
1.0, 0.7110418081283569, 0.08875937759876251, 0.038958173245191574, 0.12385256588459015, -0.7110418081283569, 0.29714828729629517, -0.21104182302951813, 0.32318753004074097, 0.038958173245191574
1.0, 0.745939314365387, 0.07847235351800919, -0.05694099888205528, 0.13628800213336945, -0.745939314365387, 0.30263620615005493, -0.24593932926654816, 0.31781482696533203, 0.004060667473822832
1.0, 0.7496826648712158, 0.05534152314066887, -0.26403120160102844, 0.1362924873828888, -0.7496826648712158, 0.2955318093299866, -0.24968264997005463, 0.30016544461250305, 0.0003173470322508365
1.0, 0.7499792575836182, 0.0240944717079401, -0.4682244062423706, 0.1259399801492691, -0.7499792575836182, 0.27230945229530334, 2.0742772903759032e-05, 0.27790117263793945, -0.24997925758361816
1.0, 0.7499986886978149, -0.0025852888356894255, -0.4967074990272522, 0.11374636739492416, -0.7499986886978149, 0.24275748431682587, 1.3368336340136011e-06, 0.2582545280456543, -0.24999865889549255
1.0, 0.7499998807907104, -0.013750006444752216, -0.4996781051158905, 0.11373300105333328, -0.7499998807907104, 0.22552688419818878, 1.1318203974042262e-07, 0.2506101429462433, -0.24999988079071045
1.0, 0.75, -0.012768395245075226, -0.4999693036079407, 0.1238984540104866, -0.75, 0.21861454844474792, 1.1284142509282447e-08, 0.2529660165309906, -0.2499999850988388
1.0, 0.75, -0.008977817371487617, -0.4999971091747284, 0.13573668897151947, -0.75, 0.21351495385169983, 1.1346232842157633e-09, 0.2568175792694092, -0.25
1.0, 0.75, -0.004320215899497271, -0.4999997317790985, 0.14779402315616608, -0.75, 0.20877689123153687, 1.1400880239875733e-10, 0.26071444153785706, -0.25
1.0, 0.75, 0.0006785956211388111, -0.4999999701976776, 0.15982162952423096, -0.75, 0.20415543019771576, 1.1451728454403565e-11, 0.26441246271133423, -0.25
1.0, 0.75, -0.006741796620190144, -0.5, 0.15921305119991302, -0.75, 0.1870490312576294, 8.892886427247504e-13, 0.2553112804889679, -0.25
1.0, 0.75, -0.03698541596531868, -0.5, 0.13564878702163696, -0.75, 0.14714373648166656, 4.04121180963557e-14, 0.22309844195842743, -0.25
1.0, 0.75, 0.09524435549974442, 8.881784197001252e-16, 0.09992790222167969, -0.75, 0.1785811334848404, -0.25, 0.3954712152481079, -0.5
1.0, 0.75, 0.04136575758457184, 0.0, 0.06205945834517479, -0.75, 0.13177728652954102, -0.25, 0.34909385442733765, -0.5
0.9084421396255493, 0.25, 0.09991580992937088, -0.25, 0.20968182384967804, 0.5, 0.3136537969112396, 0.25, 0.41683515906333923, 0.25
1.0, 0.25, 0.1051180437207222, -0.25, 0.20821809768676758, 0.5, 0.30038613080978394, 0.25, 0.4222847521305084, 0.25
1.0, 0.46103301644325256, 0.11944281309843063, -0.46103301644325256, 0.21161934733390808, 0.28896698355674744, 0.2883313298225403, 0.03896696865558624, 0.43737128376960754, 0.03896696865558624
1.0, 0.4959383010864258, 0.1334383338689804, -0.4959383010864258, 0.21077276766300201, 0.2540616989135742, 0.273914098739624, -0.1862776130437851, 0.4513092637062073, 0.00406169518828392
1.0, 0.2882111370563507, 0.148778036236763, -0.2882111370563507, 0.20883393287658691, 0.4617888629436493, 0.266947865486145, -0.031350892037153244, 0.4673369824886322, 0.21178887784481049
1.0, 0.2539803087711334, 0.16214852035045624, -0.2539803087711334, 0.2023363709449768, 0.28495481610298157, 0.26247215270996094, -0.0032518499065190554, 0.46165522933006287, 0.4960196912288666
1.0, 0.46179091930389404, 0.17651468515396118, -0.46179091930389404, 0.20139341056346893, 0.04234001785516739, 0.26195570826530457, -0.21171613037586212, 0.4534391462802887, 0.28820908069610596
1.0, 0.28465622663497925, 0.18991291522979736, -0.28465622663497925, 0.2024020403623581, 0.21575725078582764, 0.2625100910663605, -0.034648679196834564, 0.4454210698604584, 0.46534377336502075
1.0, 0.2536229193210602, 0.20172721147537231, -0.2536229193210602, 0.20406359434127808, 0.24641740322113037, 0.2629391849040985, -0.003622174495831132, 0.43699556589126587, 0.4963770806789398
1.0, 0.25028303265571594, 0.19440320134162903, 0.24972081184387207, 0.20042784512043, -0.25028303265571594, 0.25136348605155945, -0.00028297273092903197, 0.41659513115882874, 0.49971696734428406
1.0, 0.46338993310928345, 0.17672701179981232, 0.0366104356944561, 0.1896282136440277, -0.46338993310928345, 0.2311914712190628, -0.21338991820812225, 0.3877794146537781, 0.28661006689071655
1.0, 0.7102575898170471, 0.15850457549095154, -0.21025754511356354, 0.17700938880443573, -0.7102575898170471, 0.2099868506193161, -0.4602575898170471, 0.35817456245422363, 0.039742421358823776
1.0, 0.747667670249939, 0.1263088434934616, -0.24766767024993896, 0.14929050207138062, -0.747667670249939, 0.17440316081047058, -0.49766767024993896, 0.3144495487213135, 0.0023323269560933113
1.0, 0.7498774528503418, 0.09676650911569595, -0.249877467751503, 0.12320058047771454, -0.7498774528503418, 0.1411336064338684, -0.4998774826526642, 0.2732897102832794, 0.00012252756278030574
1.0, 0.7499946355819702, 0.06362350285053253, -0.24999463558197021, 0.09255878627300262, -0.7499946355819702, 0.10397817939519882, -0.4999946355819702, 0.22847668826580048, 5.3696517170465086e-06
1.0, 0.7499998807907104, 0.02198987454175949, -0.24999986588954926, 0.052529364824295044, -0.7499998807907104, 0.05809054151177406, -0.49999988079071045, 0.1751422882080078, 1.2850628650085127e-07
1.0, 0.75, -0.008279232308268547, -0.25, 0.023009592667222023, -0.75, 0.02336108312010765, -0.5, 0.13315482437610626, 1.5222672011816485e-09
0.8942002058029175, 0.25, 0.10731075704097748, 0.25, 0.20220892131328583, 0.0, 0.2995113134384155, 0.25, 0.4159495234489441, 0.0
1.0, 0.25, 0.09926586598157883, 0.3638264238834381, 0.19045135378837585, -0.11451170593500137, 0.28963926434516907, 0.25, 0.41978564858436584, 0.0
1.0, 0.25, 0.09605814516544342, 0.48413071036338806, 0.18686529994010925, -0.23410366475582123, 0.2838379740715027, 0.25, 0.43304961919784546, 0.0
1.0, 0.461329847574234, 0.1004301905632019, 0.2871403992176056, 0.18850162625312805, -0.45972564816474915, 0.27872002124786377, 0.03867014870047569, 0.4469377398490906, -0.211329847574234
1.0, 0.7073773741722107, 0.10776292532682419, 0.042481016367673874, 0.1918850988149643, -0.7072191834449768, 0.27344560623168945, -0.2073773741722107, 0.455507755279541, -0.6019887924194336
1.0, 0.746529757976532, 0.10135988146066666, 0.003457303624600172, 0.1773523986339569, -0.7082392573356628, 0.2531528174877167, -0.24652975797653198, 0.44986212253570557, -0.7355508208274841
1.0, 0.5364001989364624, 0.08621009439229965, 0.2135986089706421, 0.15147767961025238, -0.31532615423202515, 0.2238250970840454, -0.036400213837623596, 0.43694138526916504, -0.5354160666465759
1.0, 0.5028190612792969, 0.06806395202875137, 0.24718086421489716, 0.12581974267959595, -0.25581756234169006, 0.19174057245254517, -0.0028190326411277056, 0.4216732382774353, -0.5027331709861755
1.0, 0.28717079758644104, 0.05072486400604248, 0.46282920241355896, 0.10258998721837997, -0.03746957704424858, 0.16096988320350647, 0.21282920241355896, 0.40798941254615784, -0.2871633768081665
1.0, 0.2528875768184662, 0.03179711848497391, 0.4971124231815338, 0.07891038060188293, -0.00291695399209857, 0.12924113869667053, 0.2471124231815338, 0.39348170161247253, -0.25288695096969604
1.0, 0.03718593344092369, 0.013847161084413528, 0.7128140926361084, 0.057047873735427856, 0.2128112018108368, 0.09916705638170242, 0.462814062833786, 0.3731639087200165, 0.462814062833786
1.0, 0.002889115596190095, -0.005686471704393625, 0.747110903263092, 0.03424611687660217, 0.24711060523986816, 0.06819146871566772, 0.49711087346076965, 0.34651926159858704, 0.49711087346076965
1.0, 0.0002554780221544206, -0.012999983504414558, 0.7497445344924927, 0.024181462824344635, 0.2497444897890091, 0.05010262504220009, 0.4997445344924927, 0.3325933516025543, 0.4997445344924927
1.0, 2.558907181082759e-05, -0.0102927191182971, 0.7499744296073914, 0.024569638073444366, 0.24997441470623016, 0.04267555847764015, 0.49997439980506897, 0.3291836082935333, 0.49997439980506897
1.0, 2.574244945208193e-06, -0.006101428065448999, 0.7499974370002747, 0.026815321296453476, 0.24999742209911346, 0.03734354302287102, 0.49999743700027466, 0.32774120569229126, 0.49999743700027466
1.0, 2.586783409697091e-07, -0.0018734768964350224, 0.7499997615814209, 0.029428713023662567, 0.2499997466802597, 0.03262775391340256, 0.4999997317790985, 0.32680168747901917, 0.4999997317790985
1.0, 2.0091297514568396e-08, -0.010407574474811554, 0.75, 0.015697920694947243, 0.4999999701976776, 0.019578445702791214, 0.2499999850988388, 0.31354638934135437, 0.4999999701976776
1.0, 1.3100425189094267e-09, -0.0005383554380387068, 0.25, -0.011253039352595806, 0.5, -0.029479768127202988, 0.75, 0.29017776250839233, 0.5
1.0, 1.1071721317534866e-10, -0.009824739769101143, 0.25, -0.02713506668806076, 0.5, -0.03796973079442978, 0.75, 0.27779385447502136, 0.5
1.0, 1.103361846332973e-11, -0.009079016745090485, 0.25, -0.032754525542259216, 0.5, -0.036654431372880936, 0.75, 0.2755949795246124, 0.5
1.0, 1.1093348462054564e-12, -0.006605747155845165, 0.25, -0.03381829336285591, 0.75, -0.036424361169338226, 0.5, 0.275273859500885, 0.5
1.0, 1.1146639167236572e-13, -0.003827112028375268, 0.25, -0.03086414933204651, 0.75, -0.039575014263391495, 0.5, 0.2754049599170685, 0.5
0.8944475054740906, 0.25, 0.10286744683980942, 0.0, 0.21681496500968933, 0.5, 0.32438209652900696, 0.0, 0.4280018210411072, -0.25
1.0, 0.25, 0.07097190618515015, 0.036864589899778366, 0.19657714664936066, 0.5, 0.29692956805229187, 0.01915431022644043, 0.3999065160751343, -0.25
1.0, 0.03544696792960167, 0.02236158400774002, 0.4353998601436615, 0.16534560918807983, 0.7145530581474304, 0.24822208285331726, 0.21759691834449768, 0.36049559712409973, -0.03544696792960167
1.0, 0.0020583071745932102, -0.027375580742955208, 0.49493950605392456, 0.1287391632795334, 0.7479416728019714, 0.19792167842388153, 0.2482592910528183, 0.3169139325618744, -0.0020583071745932102
1.0, 0.21430377662181854, 0.09139307588338852, 0.5356962084770203, 0.1497243046760559, 0.03572777286171913, 0.2731615900993347, -0.21430377662181854, 0.33122843503952026, 0.28551122546195984
1.0, 0.46213337779045105, 0.05351666733622551, 0.28786662220954895, 0.1025523692369461, -0.21213027834892273, 0.2298124134540558, -0.46213337779045105, 0.2857728600502014, 0.037849072366952896
1.0, 0.49782058596611023, 0.013622704893350601, 0.25217941403388977, 0.053918227553367615, -0.24782028794288635, 0.18614709377288818, -0.49782058596611023, 0.241224467754364, 0.0021777902729809284
1.0, 0.4999139904975891, 0.004968208260834217, -0.24991396069526672, -0.026746708899736404, 0.2500860095024109, 0.1430976837873459, -0.4999139904975891, 0.19824081659317017, 8.585778414271772e-05
0.8921763896942139, 0.75, 0.09770605713129044, -0.75, 0.20471128821372986, -0.5, 0.30291563272476196, -0.25, 0.411568820476532, 0.0
1.0, 0.75, 0.07751289010047913, -0.75, 0.18805116415023804, -0.5, 0.28469839692115784, -0.25, 0.3931727111339569, 0.0
1.0, 0.75, 0.05408971756696701, -0.75, 0.16702042520046234, -0.5, 0.265990674495697, -0.25, 0.3740854263305664, 0.0
1.0, 0.5369890332221985, 0.029708577319979668, -0.5369890332221985, 0.14004924893379211, -0.2869890630245209, 0.24820441007614136, -0.036989063024520874, 0.3555598258972168, 0.21301093697547913
1.0, 0.5028762221336365, 0.004097794182598591, -0.5028762221336365, 0.10792962461709976, -0.2528762221336365, 0.22889494895935059, -0.0028762216679751873, 0.33539149165153503, 0.24712377786636353
1.0, 0.7132073640823364, -0.020406996831297874, -0.7132073640823364, 0.07540085166692734, -0.46320733428001404, 0.21059726178646088, -0.21320733428001404, 0.31625327467918396, 0.03679266571998596
1.0, 0.7464337348937988, -0.033756084740161896, -0.7464337348937988, 0.05378489941358566, -0.4964337646961212, 0.203512504696846, -0.24643376469612122, 0.308393657207489, 0.003566242288798094
1.0, 0.5386086702346802, -0.035551030188798904, -0.5386086702346802, 0.04412288963794708, -0.2886086404323578, 0.20811758935451508, -0.038608647882938385, 0.31132838129997253, -0.28861039876937866
1.0, 0.715326726436615, -0.036226317286491394, -0.715326726436615, 0.03626326844096184, -0.4653267562389374, 0.21400631964206696, -0.21532674133777618, 0.307294636964798, -0.4653269350528717
1.0, 0.7463745474815369, 0.028204340487718582, -0.49637454748153687, -0.03786662593483925, -0.7463745474815369, 0.21909183263778687, -0.24637454748153687, 0.3035332262516022, -0.49637457728385925
1.0, 0.5382460355758667, 0.02229248359799385, -0.2882460057735443, -0.03810546547174454, -0.5382460355758667, 0.22572237253189087, -0.03824600577354431, 0.30203256011009216, -0.2882460057735443
1.0, 0.5039836168289185, 0.015411317348480225, -0.25398364663124084, -0.03999272733926773, -0.5039836168289185, 0.23082305490970612, -0.0039836447685956955, 0.29948103427886963, -0.25398364663124084
1.0, 0.5004016160964966, 0.008963799104094505, -0.2504016160964966, -0.042039938271045685, -0.5004016160964966, 0.23497119545936584, -0.00040162092773243785, 0.29707270860671997, -0.2504016160964966
0.9080430865287781, 0.5, 0.09806254506111145, -0.25, 0.20430420339107513, 0.25, 0.3107719421386719, 0.25, 0.40933936834335327, 0.25
1.0, 0.7130109667778015, 0.08992620557546616, -0.6326044201850891, 0.17174072563648224, 0.036989063024520874, 0.2817496657371521, 0.036989063024520874, 0.38185054063796997, 0.036989063024520874
1.0, 0.7464169859886169, 0.0916227251291275, -0.7387418150901794, 0.12624432146549225, -0.03690579906105995, 0.23951455950737, -0.02983132377266884, 0.35159167647361755, -0.09924265742301941
1.0, 0.7496379017829895, 0.07985434681177139, -0.1498621553182602, 0.10244594514369965, -0.7489853501319885, 0.20278190076351166, -0.005231339950114489, 0.3309618830680847, -0.22939972579479218
1.0, 0.5386338829994202, 0.039650846272706985, -0.14851120114326477, 0.11588453501462936, -0.5385791063308716, 0.1782488077878952, 0.21056967973709106, 0.32115209102630615, -0.036292944103479385
1.0, 0.5040234327316284, 0.010867019183933735, -0.2331569492816925, 0.1277778446674347, -0.5040188431739807, 0.16094885766506195, 0.24587641656398773, 0.3156529366970062, -0.003773293923586607
1.0, 0.7117937803268433, -0.006339241284877062, -0.4591163396835327, 0.1411602795124054, -0.7117933630943298, 0.15136949717998505, 0.03819466382265091, 0.3152594566345215, -0.21176820993423462
1.0, 0.5346567034721375, -0.01703443005681038, -0.2843446731567383, 0.14551478624343872, 0.21534200012683868, 0.15411826968193054, -0.5346567034721375, 0.3165561854839325, -0.03465419262647629
1.0, 0.5028517842292786, -0.036492474377155304, -0.25281772017478943, 0.12868927419185638, 0.2471480518579483, 0.15347735583782196, -0.5028517842292786, 0.30543968081474304, -0.0028515628073364496
1.0, 0.5002479553222656, 0.11570747941732407, 0.249752014875412, 0.1550695151090622, -0.5002479553222656, 0.2972024381160736, -0.0002479498216416687, 0.48642870783805847, 0.24975202977657318
1.0, 0.5000247359275818, 0.11224675923585892, 0.24997524917125702, 0.16521231830120087, -0.5000247359275818, 0.29786303639411926, -2.474888060532976e-05, 0.48497292399406433, 0.24997524917125702
1.0, 0.5000019073486328, 0.09824634343385696, 0.249998077750206, 0.16423216462135315, -0.5000019073486328, 0.2875882685184479, -1.9275546492281137e-06, 0.4721547067165375, 0.249998077750206
1.0, 0.5000001192092896, 0.0744987353682518, 0.24999988079071045, 0.15315012633800507, -0.5000001192092896, 0.2673175036907196, -1.2598501086813485e-07, 0.44902321696281433, 0.24999988079071045
1.0, 0.713070273399353, 0.050491027534008026, 0.036929722875356674, 0.1415865123271942, -0.713070273399353, 0.2466314136981964, -0.21307027339935303, 0.42522498965263367, 0.036929722875356674
0.892504870891571, 0.75, 0.09871205687522888, 0.0, 0.20268385112285614, 0.0, 0.3090214431285858, -0.25, 0.40979325771331787, -0.5
1.0, 0.75, 0.06195811927318573, -0.13005129992961884, 0.17281466722488403, 0.0, 0.27672475576400757, -0.25, 0.37805262207984924, -0.5
1.0, 0.75, 0.0008090944029390812, -0.3523327112197876, 0.12776322662830353, 0.0, 0.23205675184726715, -0.25, 0.3336358368396759, -0.5
1.0, 0.75, 0.07862349599599838, 0.0, 0.18455466628074646, -0.25, 0.2857481837272644, -0.5, 0.38230395317077637, 0.0
1.0, 0.5357772707939148, 0.029235607013106346, 0.2142227292060852, 0.1373814046382904, -0.035777267068624496, 0.2378641813993454, -0.2857772707939148, 0.33458635210990906, 0.2142227292060852
1.0, 0.5020965933799744, -0.021647673100233078, 0.24790343642234802, 0.08898159116506577, -0.002096564741805196, 0.1885705590248108, -0.252096563577652, 0.28624871373176575, 0.24790343642234802
1.0, 0.5000839233398438, 0.04056451842188835, -8.393213647650555e-05, 0.1391444206237793, -0.25008392333984375, 0.2381746768951416, 0.24991606175899506, 0.3252873122692108, -0.5000839233398438
0.8859716653823853, 0.75, 0.10840759426355362, 0.0, 0.20271562039852142, -0.25, 0.30543240904808044, -0.25, 0.4102187752723694, 0.0
1.0, 0.5369890332221985, 0.09862225502729416, 0.21301093697547913, 0.173317551612854, -0.036989063024520874, 0.2850791811943054, -0.206705704331398, 0.40153342485427856, 0.21301093697547913
1.0, 0.5028762221336365, 0.08330254256725311, 0.24712377786636353, 0.13221651315689087, -0.0028762216679751873, 0.25595828890800476, -0.40252265334129333, 0.3903830647468567, 0.24712377786636353
1.0, 0.5002543926239014, 0.0784355029463768, 0.24974562227725983, 0.11051422357559204, -0.0002543811860959977, 0.2402641326189041, -0.4890215992927551, 0.39049679040908813, 0.24974562227725983
1.0, 0.7110583782196045, 0.08445483446121216, 0.038941629230976105, 0.10536695271730423, -0.2110583633184433, 0.23914557695388794, -0.7099215388298035, 0.4019342064857483, 0.038941629230976105
1.0, 0.7459408640861511, 0.09032583981752396, 0.004059155937284231, 0.10334070026874542, -0.24594084918498993, 0.23319993913173676, -0.629744291305542, 0.4134021997451782, 0.004059155937284231
1.0, 0.5382114052772522, 0.09792420268058777, 0.2117886245250702, 0.10482268035411835, -0.03821137547492981, 0.22731788456439972, -0.3046301305294037, 0.4266026020050049, 0.2117886245250702
1.0, 0.5031282901763916, 0.09159357845783234, 0.246871680021286, 0.09329068660736084, -0.0031283139251172543, 0.21090227365493774, -0.25487300753593445, 0.425765722990036, 0.246871680021286
1.0, 0.7135776281356812, 0.07329831272363663, -0.21357764303684235, 0.07636965811252594, 0.036422353237867355, 0.18725772202014923, -0.4637572169303894, 0.4110332131385803, -0.7135446071624756
1.0, 0.747847855091095, 0.038127198815345764, -0.24784786999225616, 0.04579417034983635, 0.00215212837792933, 0.1491624116897583, -0.49786609411239624, 0.3700806200504303, -0.747844398021698
0.8761449456214905, 0.25, 0.09783167392015457, -0.25, 0.21599161624908447, 0.5, 0.31141090393066406, 0.0, 0.40841421484947205, 0.5
1.0, 0.25, 0.08700112998485565, -0.25, 0.20235028862953186, 0.3024677336215973, 0.2967139780521393, 0.0, 0.39891645312309265, 0.5
1.0, 0.036989063024520874, 0.07225343585014343, -0.036989063024520874, 0.18943487107753754, 0.4679047763347626, 0.28267696499824524, 0.21301093697547913, 0.3857969343662262, 0.7130109667778015
1.0, 0.0022013040725141764, 0.039543986320495605, -0.0022013040725141764, 0.16391624510288239, 0.4982123374938965, 0.25270289182662964, 0.24779869616031647, 0.35472992062568665, 0.7477986812591553
0.8945251703262329, 0.25, 0.10918058454990387, 0.0, 0.22073017060756683, 0.5, 0.324903279542923, 0.25, 0.42720654606819153, 0.25
1.0, 0.036989063024520874, 0.10378119349479675, 0.21301093697547913, 0.206426203250885, 0.7130109667778015, 0.29568299651145935, 0.4630109369754791, 0.4070257246494293, 0.4630109369754791
1.0, 0.0028762216679751873, 0.09501092880964279, 0.24712377786636353, 0.1896384209394455, 0.7471237778663635, 0.2491566687822342, 0.4971237778663635, 0.3791661560535431, 0.4971237778663635
1.0, 0.0002543811860959977, 0.09722743928432465, 0.24974562227725983, 0.18496665358543396, 0.7497456073760986, 0.21199294924736023, 0.49974560737609863, 0.36085182428359985, 0.49974560737609863
1.0, 0.2110583633184433, 0.11016669869422913, 0.038941629230976105, 0.1871935874223709, 0.2889416217803955, 0.19073018431663513, 0.5389416217803955, 0.3530644476413727, 0.2889416217803955
1.0, 0.45729416608810425, 0.12463647872209549, -0.20729415118694305, 0.16704656183719635, 0.042705848813056946, 0.19634348154067993, 0.29270583391189575, 0.35160425305366516, 0.042705848813056946
1.0, 0.4965212941169739, 0.12416456639766693, -0.24652130901813507, 0.1356888711452484, 0.0034786940086632967, 0.1859472244977951, 0.2534787058830261, 0.3365750312805176, 0.0034786940086632967
1.0, 0.7131404280662537, 0.09799940139055252, -0.21314041316509247, 0.11403798311948776, -0.4631403982639313, 0.16563133895397186, 0.03685959056019783, 0.3113721013069153, -0.21314041316509247
1.0, 0.7471514344215393, 0.059251245111227036, -0.2471514344215393, 0.09666915982961655, -0.6874580383300781, 0.1416693776845932, 0.0028485727962106466, 0.28275057673454285, -0.2471514344215393
1.0, 0.7498048543930054, 0.020098863169550896, -0.44027405977249146, 0.08162057399749756, -0.744165301322937, 0.1170426607131958, 0.00019514311861712486, 0.2538219094276428, -0.24980485439300537
1.0, 0.5369744896888733, -0.011443029157817364, -0.28019624948501587, 0.06965135782957077, -0.5364964604377747, 0.09348421543836594, 0.2130255252122879, 0.22633230686187744, -0.0369744710624218
1.0, 0.5022005438804626, 0.04487147182226181, -0.5021611452102661, 0.05604078248143196, 0.24779947102069855, 0.18529821932315826, -0.002200523391366005, 0.365646630525589, -0.25220268964767456
1.0, 0.5001167058944702, 0.020793937146663666, 0.24988329410552979, 0.022835539653897285, -0.5001134872436523, 0.14675889909267426, -0.00011670591629808769, 0.3365686535835266, -0.25011691451072693
1.0, 0.5000051259994507, -0.0029717034194618464, -0.5000048875808716, -0.01844238117337227, 0.24999485909938812, 0.10448668897151947, -5.145087470737053e-06, 0.30349278450012207, -0.25000515580177307
1.0, 0.5000001192092896, -0.037568964064121246, -0.5000001192092896, 0.05363069847226143, -1.2457414300115488e-07, 0.2615257799625397, -0.25000011920928955, 0.3119378089904785, 0.24999988079071045
1.0, 0.2857377827167511, 0.002592910546809435, 0.2142622172832489, 0.2190581113100052, -0.0357377752661705, 0.2643289864063263, 0.4642622172832489, 0.32456648349761963, 0.2142622172832489
1.0, 0.2526676058769226, -0.0369533970952034, 0.2473324090242386, 0.18776704370975494, -0.0026675949338823557, 0.22820954024791718, 0.4973323941230774, 0.28837573528289795, 0.2473324090242386
1.0, 0.2501399517059326, 0.15405572950839996, -0.00013994656910654157, 0.18996579945087433, 0.4998600482940674, 0.24995554983615875, 0.24986004829406738, 0.43351733684539795, -0.2501399517059326
1.0, 0.03550995886325836, 0.11279755085706711, 0.21449004113674164, 0.144453763961792, 0.7144900560379028, 0.2041691541671753, 0.46449005603790283, 0.3878856301307678, -0.03550995886325836
1.0, 0.002065113978460431, 0.06892956048250198, 0.24793489277362823, 0.0965937003493309, 0.747934877872467, 0.1559436321258545, 0.49793487787246704, 0.3396553695201874, -0.002065113978460431
1.0, 0.00011689875100273639, 0.037257395684719086, 0.24988310039043427, 0.06117534264922142, 0.7498831152915955, 0.12007494270801544, 0.49988311529159546, 0.30363285541534424, -0.00011689875100273639
1.0, 7.603994163218886e-06, 0.015776870772242546, 0.24999240040779114, 0.036179542541503906, 0.7499923706054688, 0.09454955160617828, 0.49999240040779114, 0.27781373262405396, -7.603994163218886e-06
1.0, 4.984283918929577e-07, -0.004020728636533022, 0.2499995082616806, 0.013083565980196, 0.7499995231628418, 0.07084972411394119, 0.4999994933605194, 0.25368866324424744, -4.984283918929577e-07
0.8820083737373352, 0.0, 0.11463743448257446, 0.25, 0.22045019268989563, 0.75, 0.33180466294288635, 0.0, 0.4444214403629303, 0.25
1.0, 0.0, 0.10224271565675735, 0.43034762144088745, 0.20235483348369598, 0.75, 0.3139455020427704, 0.0, 0.4280255138874054, 0.25
1.0, 0.0, 0.07667326182126999, 0.49338603019714355, 0.1698623150587082, 0.75, 0.278467059135437, 0.0, 0.39699432253837585, 0.25
1.0, 0.0, 0.05363037809729576, 0.49943777918815613, 0.13852082192897797, 0.75, 0.2432195544242859, 0.0, 0.36681339144706726, 0.25
1.0, 0.0, 0.05171331763267517, 0.49995309114456177, 0.12762412428855896, 0.75, 0.22840473055839539, 0.0, 0.3568075895309448, 0.25
1.0, 0.0, 0.061515823006629944, 0.4999960958957672, 0.12809167802333832, 0.75, 0.2253246158361435, 0.0, 0.3579484522342682, 0.25
1.0, 0.0, 0.07324027270078659, 0.49999967217445374, 0.13032054901123047, 0.75, 0.22452512383460999, 0.0, 0.36068034172058105, 0.25
1.0, 0.21137993037700653, 0.08681623637676239, 0.2886200249195099, 0.13435782492160797, 0.5386200547218323, 0.22609154880046844, -0.21137993037700653, 0.36508768796920776, 0.03862006217241287
1.0, 0.03461722284555435, 0.09981632977724075, 0.46538278460502625, 0.13784731924533844, 0.7153827548027039, 0.2276538908481598, -0.03461722284555435, 0.36884254217147827, 0.21538278460502625
1.0, 0.0028488116804510355, 0.09906565397977829, 0.4971511960029602, 0.12765741348266602, 0.7471511960029602, 0.216044083237648, -0.0028488116804510355, 0.35883426666259766, 0.247151181101799
1.0, 0.21355977654457092, 0.08911362290382385, 0.2864402234554291, 0.10836401581764221, 0.5364402532577515, 0.19579385221004486, -0.21355977654457092, 0.3396545946598053, 0.036440230906009674
1.0, 0.2464781552553177, 0.08857693523168564, 0.2535218596458435, 0.0986001193523407, 0.5035218596458435, 0.18549172580242157, -0.2464781552553177, 0.3299486041069031, 0.0035218491684645414
1.0, 0.24964426457881927, 0.09786436706781387, 0.2503557503223419, 0.09878481179475784, 0.5003557205200195, 0.18551519513130188, -0.24964426457881927, 0.33014485239982605, 0.00035574063076637685
1.0, 0.03863271325826645, 0.10226957499980927, 0.7113673090934753, 0.11032072454690933, 0.46136727929115295, 0.18917834758758545, -0.03863271325826645, 0.3336024284362793, 0.21136729419231415
1.0, 0.0031625353731215, 0.09191521257162094, 0.7468374371528625, 0.10880225151777267, 0.49683746695518494, 0.1793089359998703, -0.0031625353731215, 0.3231883943080902, 0.24683746695518494
1.0, 0.2135784775018692, 0.07251638919115067, 0.536421537399292, 0.09810026735067368, 0.2864215075969696, 0.16067270934581757, -0.2135784775018692, 0.303702712059021, 0.0364215187728405
1.0, 0.2478478103876114, 0.03754560276865959, 0.5021522045135498, 0.07168462127447128, 0.2521521747112274, 0.12671679258346558, -0.2478478103876114, 0.26862239837646484, 0.0021521844901144505
1.0, 0.24988669157028198, 0.004471065942198038, 0.500113308429718, 0.047021254897117615, 0.250113308429718, 0.09488717466592789, -0.24988669157028198, 0.23541957139968872, 0.00011331419227644801
1.0, 0.24999502301216125, 0.018132168799638748, 0.25000497698783875, -0.03268318995833397, 0.5000049471855164, 0.05918829143047333, -0.24999502301216125, 0.19812174141407013, 4.9707905418472365e-06
1.0, 0.24999988079071045, 0.014808675274252892, -0.24999988079071045, -0.019778627902269363, 0.25000011920928955, 0.15193793177604675, 1.1916658593236207e-07, 0.3895828127861023, 0.5000001192092896
1.0, 0.25, -0.03092222288250923, -0.25, 0.10421597957611084, -8.380547367181634e-10, 0.3417060375213623, 0.5, 0.3628259003162384, -0.25
1.0, 0.25, 0.05621357262134552, -2.8126723172761103e-10, 0.2935127019882202, 0.5, 0.32165440917015076, -0.25, 0.39042261242866516, 0.25
0.8858934044837952, 0.0, 0.10201793164014816, 0.0, 0.20792561769485474, 0.75, 0.31830939650535583, 0.5, 0.4172895848751068, 0.75
1.0, 0.0, 0.08649212121963501, 0.0, 0.18974949419498444, 0.75, 0.3085867166519165, 0.5, 0.39524099230766296, 0.75
1.0, 0.0, 0.05752717703580856, 0.0, 0.14622041583061218, 0.75, 0.28184938430786133, 0.5, 0.33771389722824097, 0.75
0.8827264308929443, 0.0, 0.1079205572605133, 0.0, 0.21553900837898254, 0.5, 0.30895885825157166, 0.75, 0.4221448004245758, 0.5
1.0, 0.21301093697547913, 0.09002234786748886, -0.21301093697547913, 0.1941062957048416, 0.2869890630245209, 0.28635671734809875, 0.5369890332221985, 0.40742242336273193, 0.2869890630245209
1.0, 0.03413821756839752, 0.07127652317285538, -0.03413821756839752, 0.16499781608581543, 0.46586179733276367, 0.2579706609249115, 0.7158617973327637, 0.3823322057723999, 0.2548413574695587
1.0, 0.002681857906281948, 0.05032132565975189, -0.002681857906281948, 0.13549625873565674, 0.4973181486129761, 0.22586166858673096, 0.7473181486129761, 0.3563435971736908, 0.04563835635781288
1.0, 0.00023768219398334622, 0.0374298021197319, 0.057875458151102066, 0.12099257856607437, 0.49976232647895813, 0.2046903818845749, 0.7497622966766357, 0.3483324348926544, 0.004465471487492323
1.0, 0.21105670928955078, 0.03445111960172653, 0.014008765108883381, 0.11987006664276123, 0.2889432907104492, 0.1945604830980301, 0.5389432907104492, 0.3505966067314148, -0.02029367908835411
1.0, 0.4572939872741699, 0.034155216068029404, -0.22803851962089539, 0.1220986396074295, 0.04270601272583008, 0.1865171641111374, 0.2927060127258301, 0.35851243138313293, -0.2131166309118271
1.0, 0.2842177450656891, 0.0318850502371788, -0.25119125843048096, 0.12400897592306137, 0.21578224003314972, 0.1775616705417633, 0.4657822549343109, 0.36780086159706116, -0.03473594784736633
1.0, 0.25357916951179504, 0.03214938938617706, -0.2501986026763916, 0.12530556321144104, 0.24642081558704376, 0.16781561076641083, 0.49642083048820496, 0.3774169087409973, -0.003624039702117443
1.0, 0.461750864982605, 0.035428136587142944, -0.4614202380180359, 0.1283697783946991, 0.03824913874268532, 0.15991786122322083, 0.288249135017395, 0.3893207013607025, -0.2117546945810318
1.0, 0.2846522331237793, 0.03908894583582878, -0.28462034463882446, 0.13114137947559357, 0.2153477668762207, 0.1519637107849121, 0.4653477668762207, 0.40118756890296936, -0.03465256094932556
1.0, 0.04220893979072571, 0.044293198734521866, -0.04220588132739067, 0.13509707152843475, 0.4577910602092743, 0.1455196738243103, 0.7077910900115967, 0.4143301546573639, 0.2077910304069519
1.0, 0.004381338134407997, 0.04765831679105759, -0.004381045699119568, 0.13703419268131256, 0.49561867117881775, 0.13743023574352264, 0.7456186413764954, 0.42544448375701904, 0.24561865627765656
1.0, 0.00044155496289022267, 0.051119253039360046, -0.00044152705231681466, 0.12975063920021057, 0.7495584487915039, 0.13898830115795135, 0.4995584487915039, 0.42566952109336853, 0.7495584487915039
1.0, 4.4364107452565804e-05, 0.05467258393764496, -4.436144809005782e-05, 0.12253493815660477, 0.7499556541442871, 0.1410113275051117, 0.4999556243419647, 0.42396801710128784, 0.7499556541442871
1.0, 4.455911039258353e-06, 0.05828250199556351, -4.45565774498391e-06, 0.11576860398054123, 0.7499955296516418, 0.14309731125831604, 0.49999552965164185, 0.42273658514022827, 0.7499955296516418
1.0, 3.4601109177856415e-07, 0.049365267157554626, -3.4598699016896717e-07, 0.0968686044216156, 0.7499996423721313, 0.13267822563648224, 0.49999964237213135, 0.40937262773513794, 0.7499996423721313
0.8992635607719421, 0.75, 0.09916770458221436, -0.5, 0.21713152527809143, -0.5, 0.3253437876701355, -0.5, 0.43288910388946533, -0.25
1.0, 0.75, 0.07325458526611328, -0.30428099632263184, 0.19627158343791962, -0.5, 0.3059902489185333, -0.5, 0.40055984258651733, -0.25
1.0, 0.75, 0.055614180862903595, -0.2561153173446655, 0.1677398681640625, -0.7098012566566467, 0.2975066006183624, -0.5, 0.36617812514305115, -0.25
1.0, 0.75, 0.04786704480648041, -0.250669002532959, 0.15773381292819977, -0.745520293712616, 0.2969006299972534, -0.5, 0.34259355068206787, -0.25
1.0, 0.75, 0.039527975022792816, -0.4211149215698242, 0.15585704147815704, -0.7495490908622742, 0.29812318086624146, -0.5, 0.3224865794181824, -0.25
1.0, 0.75, 0.02091515250504017, -0.4909377992153168, 0.14620496332645416, -0.7499573230743408, 0.2878319323062897, -0.5, 0.2924309968948364, -0.25
1.0, 0.75, -0.01903643272817135, -0.4990282654762268, 0.11735828220844269, -0.7499961853027344, 0.24192415177822113, -0.25, 0.2537387013435364, -0.5
1.0, 0.75, 0.07953798025846481, -0.7499997019767761, 0.18150469660758972, -0.25, 0.20706379413604736, -0.5, 0.32870858907699585, -1.460010139453516e-07
1.0, 0.75, 0.04167594760656357, -0.75, 0.12085261195898056, -0.25, 0.15817812085151672, -0.5, 0.27160438895225525, -1.6270535141416076e-08
1.0, 0.75, 0.004652252420783043, -0.75, 0.061349958181381226, -0.25, 0.10889700800180435, -0.5, 0.21509720385074615, -1.7899075555050104e-09
0.9172658920288086, 0.75, 0.09334903210401535, -0.5, 0.20608188211917877, -0.5, 0.3038938045501709, -0.25, 0.4004466235637665, -0.75
1.0, 0.75, 0.06367084383964539, -0.3542732000350952, 0.19614705443382263, -0.5, 0.2836630046367645, -0.25, 0.3807862401008606, -0.75
1.0, 0.75, 0.014724349603056908, -0.2630956470966339, 0.17157971858978271, -0.5, 0.24144528806209564, -0.25, 0.33913999795913696, -0.75
0.8838366270065308, 0.75, 0.10742505639791489, -0.5, 0.20659539103507996, -0.25, 0.3077028691768646, -0.25, 0.41000762581825256, 0.0
1.0, 0.75, 0.0738697499036789, -0.5958261489868164, 0.1745256930589676, -0.25, 0.27626267075538635, -0.25, 0.3817111551761627, 0.0
1.0, 0.75, 0.028679674491286278, -0.7319463491439819, 0.10886923968791962, -0.3156605064868927, 0.23151515424251556, -0.25, 0.3418411612510681, 0.0
1.0, 0.5357296466827393, -0.01693350449204445, -0.5339495539665222, 0.03958108276128769, -0.2592116594314575, 0.18467311561107635, -0.03572962433099747, 0.3004835247993469, 0.21427038311958313
1.0, 0.5026665925979614, -0.008441116660833359, -0.24962905049324036, 0.14840760827064514, -0.002666584448888898, 0.2697862386703491, 0.24733342230319977, 0.34922367334365845, -0.49835553765296936
1.0, 0.5002394318580627, -0.026004722341895103, -0.24992859363555908, 0.13469050824642181, -0.00023940621758811176, 0.2614668011665344, 0.24976059794425964, 0.33084961771965027, -0.49978139996528625
1.0, 0.7109971046447754, -0.024464886635541916, -0.46096763014793396, 0.13456448912620544, -0.21099713444709778, 0.266445517539978, 0.03900287300348282, 0.32672932744026184, -0.7109490633010864
1.0, 0.7459337115287781, -0.01867675594985485, -0.49593105912208557, 0.13507992029190063, -0.24593371152877808, 0.271721214056015, 0.004066288471221924, 0.32390540838241577, -0.7459287047386169
1.0, 0.7495898604393005, -0.010247159749269485, -0.49958962202072144, 0.13602808117866516, -0.24958986043930054, 0.27707260847091675, 0.00041014060843735933, 0.32212451100349426, -0.7495893239974976
1.0, 0.7499588131904602, -0.0003505023487377912, -0.49995875358581543, 0.13719142973423004, -0.24995878338813782, 0.2822893261909485, 4.121422898606397e-05, 0.321108877658844, -0.7499587535858154
1.0, 0.7499958872795105, 0.010346741415560246, -0.4999958574771881, 0.1385270059108734, -0.2499958574771881, 0.2873440980911255, 4.13965608458966e-06, 0.320751816034317, -0.7499958276748657
1.0, 0.7499995827674866, 0.021441062912344933, -0.4999995827674866, 0.14002427458763123, -0.24999958276748657, 0.2922443151473999, 4.1577268916626053e-07, 0.32098183035850525, -0.7499995827674866
1.0, 0.7499999403953552, 0.020119350403547287, -0.4999999701976776, 0.1291123926639557, -0.2499999701976776, 0.28443586826324463, 3.228552003520235e-08, 0.30917274951934814, -0.7499999403953552
1.0, 0.75, -0.004084805026650429, -0.5, 0.09547177702188492, -0.25, 0.2536137104034424, 1.4699848005506055e-09, 0.2749563753604889, -0.75
1.0, 0.5353878736495972, -0.03936176002025604, -0.28538787364959717, 0.0509997233748436, -0.03538787364959717, 0.21168692409992218, 0.21461212635040283, 0.23018793761730194, -0.5353878736495972
0.8941320180892944, 0.75, 0.09786888211965561, -0.5, 0.20286543667316437, -0.25, 0.3066563010215759, -0.5, 0.40150001645088196, 0.0
1.0, 0.75, 0.08553417772054672, -0.6895670294761658, 0.20459648966789246, -0.25, 0.30680930614471436, -0.5, 0.3978709876537323, 0.0
1.0, 0.75, 0.06953725218772888, -0.7434214949607849, 0.19840651750564575, -0.25, 0.299069881439209, -0.7117006182670593, 0.388374388217926, 0.0
1.0, 0.536690890789032, 0.04118264839053154, -0.3651154935359955, 0.1817692369222641, -0.036690909415483475, 0.2848722040653229, -0.5330489277839661, 0.36901968717575073, 0.21330909430980682
1.0, 0.5028409957885742, 0.01272828970104456, -0.26159563660621643, 0.1606074869632721, -0.0028409999795258045, 0.2678146958351135, -0.5025115013122559, 0.3454411029815674, 0.24715900421142578
0.8769275546073914, 0.75, 0.09350626915693283, -0.25, 0.1904844492673874, 0.0, 0.28302982449531555, -0.25, 0.39102816581726074, -0.75
1.0, 0.75, 0.05530158057808876, -0.44714483618736267, 0.15780414640903473, 0.0, 0.24738191068172455, -0.25, 0.3723098337650299, -0.75
1.0, 0.75, 0.006415375508368015, -0.4943697154521942, 0.11099601536989212, 0.0, 0.19624046981334686, -0.25, 0.3414769172668457, -0.75
1.0, 0.5357296466827393, -0.042375244200229645, -0.2851606011390686, 0.060231998562812805, 0.21427038311958313, 0.1452484130859375, -0.03572962433099747, 0.3087412714958191, -0.5357296466827393
1.0, 0.287854939699173, 0.007977234199643135, 0.462145060300827, 0.09527343511581421, 0.21214504539966583, 0.2752521336078644, -0.287854939699173, 0.3083052635192871, -0.03785495087504387
1.0, 0.2527892291545868, -0.03394225984811783, 0.4972107708454132, 0.05694899335503578, 0.2472107708454132, 0.25233182311058044, -0.2527892291545868, 0.27044710516929626, -0.002789223100990057
1.0, 0.25014567375183105, 0.0166640542447567, 0.24985432624816895, 0.2267756313085556, -0.25014567375183105, 0.22992043197155, -0.00014566851314157248, 0.26444166898727417, 0.49985140562057495
0.9129801988601685, 0.5, 0.11011804640293121, 0.25, 0.21637313067913055, -0.25, 0.31564009189605713, -0.5, 0.4176921844482422, -0.5
1.0, 0.5, 0.08607655018568039, 0.25, 0.19069038331508636, -0.25, 0.27555057406425476, -0.5, 0.3860451579093933, -0.5
1.0, 0.7145530581474304, 0.051427435129880905, 0.03544696792960167, 0.15225882828235626, -0.46455302834510803, 0.21031071245670319, -0.7145530581474304, 0.34246647357940674, -0.7145530581474304
0.9154782295227051, 0.25, 0.09958549588918686, 0.5, 0.20487231016159058, 0.25, 0.30957138538360596, -0.25, 0.41008275747299194, -0.25
1.0, 0.25, 0.09238641709089279, 0.5, 0.195468470454216, 0.25, 0.291935533285141, -0.25, 0.409750372171402, -0.25
1.0, 0.25, 0.09262532740831375, 0.5, 0.19343791902065277, 0.25, 0.27369919419288635, -0.25, 0.4180861711502075, -0.25
1.0, 0.03867014870047569, 0.09455466270446777, 0.7113298773765564, 0.19543007016181946, 0.461329847574234, 0.2576940357685089, -0.03867014870047569, 0.4263750910758972, -0.03867014870047569
1.0, 0.21537993848323822, 0.09546779096126556, 0.5346200466156006, 0.19752371311187744, 0.284620076417923, 0.24252505600452423, -0.21537993848323822, 0.4327521026134491, -0.21537993848323822
1.0, 0.247150719165802, 0.08241333067417145, 0.502849280834198, 0.1861615926027298, 0.252849280834198, 0.21551311016082764, -0.247150719165802, 0.42471274733543396, -0.247150719165802
1.0, 0.2498662769794464, 0.046272337436676025, 0.5001336932182312, 0.15192465484142303, 0.2501337230205536, 0.16743794083595276, -0.2498662769794464, 0.3933555781841278, -0.2498662769794464
0.8846102356910706, 0.5, 0.1019291877746582, 0.0, 0.2008492350578308, -0.25, 0.30058032274246216, -0.5, 0.4144262969493866, -0.5
1.0, 0.7130109667778015, 0.09525005519390106, -0.21301093697547913, 0.18769791722297668, -0.4630109369754791, 0.27428045868873596, -0.7130109667778015, 0.39235442876815796, -0.7130109667778015
1.0, 0.7471237778663635, 0.08665221184492111, -0.24712377786636353, 0.17124022543430328, -0.4971237778663635, 0.22447015345096588, -0.7471237778663635, 0.34381529688835144, -0.7471237778663635
1.0, 0.7497456073760986, 0.08988741785287857, -0.24974562227725983, 0.16594813764095306, -0.49974560737609863, 0.17475061118602753, -0.7497456073760986, 0.293322890996933, -0.7497456073760986
1.0, 0.7499745488166809, 0.10217712074518204, -0.24997451901435852, 0.1283094584941864, -0.7499745488166809, 0.1705421656370163, -0.4999745190143585, 0.24786268174648285, -0.7499745488166809
1.0, 0.7499974370002747, 0.0774419903755188, -0.6196650862693787, 0.11515478789806366, -0.24999743700027466, 0.17438864707946777, -0.49999743700027466, 0.2043217569589615, -0.7499974370002747
1.0, 0.7499998211860657, 0.019652515649795532, -0.5225955247879028, 0.11538206040859222, -0.24999980628490448, 0.15239748358726501, -0.7499998211860657, 0.1635390669107437, -0.4999997913837433
0.8826544880867004, 0.25, 0.09304798394441605, 0.0, 0.19473828375339508, 0.25, 0.29173943400382996, 0.5, 0.39101120829582214, -0.25
1.0, 0.25, 0.07750488817691803, 0.0, 0.17738792300224304, 0.25, 0.27590805292129517, 0.5, 0.37123632431030273, -0.23033109307289124
1.0, 0.25, 0.05826335772871971, 0.0, 0.15919844806194305, 0.25, 0.25939613580703735, 0.5, 0.32550808787345886, -0.24642057716846466
1.0, 0.25, 0.03505749627947807, 0.0, 0.14002369344234467, 0.25, 0.242109015583992, 0.5, 0.2814215421676636, -0.24953167140483856
1.0, 0.036989063024520874, 0.010997122153639793, 0.21301093697547913, 0.1214023157954216, 0.4630109369754791, 0.22465942800045013, 0.7130109667778015, 0.24331995844841003, -0.036932025104761124
1.0, 0.0022013040725141764, -0.02792567014694214, 0.24779869616031647, 0.08731657266616821, 0.4977986812591553, 0.19262471795082092, 0.7477986812591553, 0.19374771416187286, -0.0021945496555417776
1.0, 0.00011674592678900808, 0.05483415350317955, 0.4998832643032074, 0.147371307015419, -0.00011595447722356766, 0.16238723695278168, 0.749883234500885, 0.2694314420223236, 0.24987943470478058
1.0, 0.21272782981395721, 0.032062988728284836, 0.2872721552848816, 0.11122117191553116, -0.21272774040699005, 0.14174392819404602, 0.5372721552848816, 0.24663639068603516, 0.03727180138230324
1.0, 0.24638091027736664, 0.022206023335456848, 0.25361907482147217, 0.0881652757525444, -0.24638091027736664, 0.13379889726638794, 0.5036190748214722, 0.23914994299411774, 0.0036190522368997335
1.0, 0.038611751049757004, 0.02455296367406845, 0.4613882601261139, 0.07748731970787048, -0.038611751049757004, 0.1378338634967804, 0.7113882303237915, 0.2452060431241989, 0.2113882452249527
1.0, 0.004026208072900772, 0.02741972915828228, 0.4959737956523895, 0.06760421395301819, -0.004026208072900772, 0.14219123125076294, 0.7459737658500671, 0.2524610757827759, 0.24597379565238953
0.8820949196815491, 0.75, 0.10654164850711823, -0.75, 0.2038351148366928, -0.5, 0.30207788944244385, -0.5, 0.4067917764186859, -0.25
1.0, 0.5369890332221985, 0.09191615134477615, -0.5369890332221985, 0.1810666024684906, -0.09129240363836288, 0.2850317060947418, -0.2869890630245209, 0.3975660800933838, -0.036989063024520874
1.0, 0.28984662890434265, 0.07466206699609756, -0.28984662890434265, 0.15211524069309235, 0.3945562243461609, 0.2656053304672241, -0.039846643805503845, 0.3871877193450928, 0.21015335619449615
1.0, 0.2530708312988281, 0.05307620018720627, -0.2530708312988281, 0.1273033767938614, 0.4901444613933563, 0.24275363981723785, -0.0030708331614732742, 0.3748910427093506, 0.24692916870117188
1.0, 0.25015249848365784, 0.0166912991553545, -0.25015249848365784, 0.09391270577907562, 0.49921199679374695, 0.20623306930065155, -0.00015249740681611001, 0.347799688577652, 0.24984750151634216
1.0, 0.2500043511390686, -0.03179241344332695, -0.2500043511390686, 0.05278058350086212, 0.49993836879730225, 0.15880167484283447, -4.352681116870372e-06, 0.3072039783000946, 0.4202422797679901
1.0, 0.03572964668273926, 0.006344687659293413, 0.5691006779670715, 0.1103893592953682, 0.21427035331726074, 0.24800260365009308, -0.03572964668273926, 0.2675410509109497, 0.7063974738121033
1.0, 0.00266657886095345, -0.027387863025069237, 0.5085142850875854, 0.07308270037174225, 0.24733342230319977, 0.19505815207958221, -0.00266657886095345, 0.24023550748825073, 0.746643602848053
1.0, 0.0002394055773038417, -0.03511533886194229, 0.5007818937301636, 0.05856984108686447, 0.24976059794425964, 0.16644148528575897, -0.0002394055773038417, 0.2362101525068283, 0.7497014999389648
1.0, 0.21099713444709778, -0.027444200590252876, 0.2890926003456116, 0.0577511303126812, 0.03900287300348282, 0.1531073898077011, -0.21099713444709778, 0.24602477252483368, 0.5389978289604187
1.0, 0.24593371152877808, -0.018153080716729164, 0.2540740370750427, 0.057606104761362076, 0.004066288471221924, 0.14196056127548218, -0.24593371152877808, 0.2564617395401001, 0.5040658712387085
1.0, 0.24958986043930054, -0.007952778600156307, 0.250410795211792, 0.05789230763912201, 0.00041014060843735933, 0.13261939585208893, -0.24958986043930054, 0.267165869474411, 0.5004100799560547
1.0, 0.24995878338813782, 0.002642726991325617, 0.25004127621650696, 0.05837767943739891, 4.121422898606397e-05, 0.12468977272510529, -0.24995878338813782, 0.27784180641174316, 0.5000411868095398
1.0, 0.2499958574771881, 0.01341979019343853, 0.2500041425228119, 0.05901440232992172, 4.13965608458966e-06, 0.11796323210000992, -0.2499958574771881, 0.2884068191051483, 0.5000041127204895
1.0, 0.24999958276748657, 0.024272244423627853, 0.2500004172325134, 0.05979190766811371, 4.1577268916626053e-07, 0.11228234320878983, -0.24999958276748657, 0.2988317906856537, 0.5000004172325134
1.0, 0.4613920748233795, 0.03676152229309082, 0.03860793635249138, 0.06232546269893646, -0.21139205992221832, 0.10913422703742981, -0.4613920748233795, 0.3107227385044098, 0.2886079251766205
1.0, 0.4968414306640625, 0.035100698471069336, 0.0031585777178406715, 0.05085742101073265, -0.2468414157629013, 0.09265244752168655, -0.4968414306640625, 0.3083179295063019, 0.2531585693359375
1.0, 0.7131630778312683, 0.024398425593972206, -0.2131631076335907, 0.03051142953336239, -0.4631631076335907, 0.06786966323852539, -0.7131630778312683, 0.29673993587493896, 0.0368368960916996
1.0, 0.7471529841423035, 0.0072032068856060505, -0.49715298414230347, 0.010563699528574944, -0.24715296924114227, 0.04062601551413536, -0.7471529841423035, 0.28190499544143677, 0.002847024705260992
0.8946344256401062, 0.0, 0.09749076515436172, 0.25, 0.19391781091690063, 0.0, 0.3045044541358948, 0.75, 0.402993768453598, 0.5
1.0, 0.0, 0.07276320457458496, 0.25, 0.17091795802116394, 0.0, 0.2704971730709076, 0.75, 0.36460238695144653, 0.5
1.0, 0.0, 0.0350402370095253, 0.25, 0.13696373999118805, 0.0, 0.22057150304317474, 0.75, 0.30829110741615295, 0.5
0.9066785573959351, 0.25, 0.11174144595861435, -0.25, 0.2114972472190857, 0.25, 0.31717053055763245, -0.25, 0.4329192638397217, 0.25
1.0, 0.4630109369754791, 0.09872941672801971, -0.4630109369754791, 0.18834424018859863, 0.20708702504634857, 0.29960161447525024, -0.4630109369754791, 0.4246503710746765, 0.036989063024520874
1.0, 0.4971237778663635, 0.07255753874778748, -0.48791664838790894, 0.1631789356470108, 0.2441847175359726, 0.2706265449523926, -0.29952746629714966, 0.4140596389770508, 0.0028762216679751873
1.0, 0.49974560737609863, 0.05770668014883995, -0.49868160486221313, 0.1510009765625, 0.24937820434570312, 0.25574490427970886, -0.2553962469100952, 0.4151676595211029, 0.0002543811860959977
1.0, 0.4999801218509674, 0.04410329461097717, -0.4998748302459717, 0.13669049739837646, 0.24993233382701874, 0.23997390270233154, -0.2505566477775574, 0.4113244116306305, 1.989224438148085e-05
1.0, 0.49999868869781494, 0.024266256019473076, -0.49998870491981506, 0.11389164626598358, 0.24999257922172546, 0.21659204363822937, -0.25005653500556946, 0.39734190702438354, 1.313478378506261e-06
1.0, 0.7130612730979919, 0.005704954732209444, -0.7130603194236755, 0.09096534550189972, 0.036937884986400604, 0.1937968134880066, -0.4630669951438904, 0.38238728046417236, -0.21306124329566956
1.0, 0.5341355204582214, -0.01266452670097351, -0.5341354608535767, 0.0674297884106636, 0.2158643752336502, 0.17091083526611328, -0.2841361165046692, 0.3664587736129761, -0.034135542809963226
1.0, 0.2896508276462555, -0.02982340380549431, -0.2896507978439331, 0.04471180960536003, 0.4603491723537445, 0.14917059242725372, -0.039650872349739075, 0.35122016072273254, 0.2103491872549057
1.0, 0.2523326873779297, 0.007779643405228853, 0.4976673126220703, 0.11338591575622559, -0.002332692965865135, 0.321050763130188, -0.2523326873779297, 0.3216770589351654, 0.2476673126220703
1.0, 0.46463456749916077, -0.03840181976556778, 0.28536543250083923, 0.06840762495994568, -0.21463456749916077, 0.27493610978126526, -0.46463456749916077, 0.282660573720932, 0.03536543622612953
1.0, 0.7122266292572021, 0.02209564670920372, -0.46222662925720215, 0.22752085328102112, -0.7122266292572021, 0.24203556776046753, -0.21222662925720215, 0.38782694935798645, 0.03777337819337845
1.0, 0.7478294372558594, -0.025921499356627464, -0.497829407453537, 0.17843303084373474, -0.7478294372558594, 0.19945067167282104, -0.24782942235469818, 0.3406570851802826, 0.002170583698898554
1.0, 0.7499145269393921, 0.12929798662662506, -0.7499145269393921, 0.1565534770488739, -0.2499145120382309, 0.29347842931747437, 8.54953468660824e-05, 0.3027157187461853, -0.4999144971370697
1.0, 0.5357846617698669, 0.08127415180206299, -0.5357846617698669, 0.11451951414346695, -0.03578467294573784, 0.2474481612443924, 0.21421532332897186, 0.2547065019607544, -0.28578466176986694
1.0, 0.2878713011741638, 0.03367893770337105, -0.2878713011741638, 0.072677843272686, 0.212128683924675, 0.2018781453371048, 0.4621286988258362, 0.207290917634964, -0.03787131607532501
1.0, 0.2527909576892853, -0.002733359346166253, -0.2527909576892853, 0.0417901873588562, 0.24720904231071472, 0.16751568019390106, 0.4972090423107147, 0.17117248475551605, -0.002790951868519187
1.0, 0.2501967251300812, 0.020993677899241447, 0.24980327486991882, -0.02883043698966503, -0.2501967251300812, 0.14348608255386353, 0.4998032748699188, 0.1454438418149948, -0.00019672905909828842
1.0, 0.25001710653305054, 0.014347567223012447, 0.24998287856578827, -0.04055645316839218, -0.25001710653305054, 0.13383878767490387, 0.49998289346694946, 0.1341313272714615, -1.7119124095188454e-05
1.0, 0.2500016987323761, 0.01814294047653675, 0.2499982863664627, -0.04162309318780899, -0.2500016987323761, 0.13350190222263336, -1.712315452095936e-06, 0.13485638797283173, 0.4999983012676239
0.887058675289154, 0.0, 0.09726008772850037, 0.25, 0.1900082677602768, 0.25, 0.2974574863910675, 0.25, 0.40570443868637085, 0.75
0.9994953870773315, 0.0, 0.08491317927837372, 0.25, 0.17263461649417877, 0.3315882980823517, 0.29473862051963806, 0.25, 0.3969055414199829, 0.75
1.0, 0.0, 0.04494033381342888, 0.25, 0.14375007152557373, 0.47725605964660645, 0.28864872455596924, 0.25, 0.37965041399002075, 0.75
1.0, 0.0, -0.011822612956166267, 0.25, 0.10034658014774323, 0.4974760413169861, 0.2590335011482239, 0.25, 0.3367617130279541, 0.75
1.0, 0.0, 0.04875802621245384, 0.49973365664482117, 0.21352332830429077, 0.25, 0.27756422758102417, 0.568941056728363, 0.4275032877922058, 0.0
1.0, 0.0, -0.009079144336283207, 0.49996957182884216, 0.1642189621925354, 0.25, 0.21522256731987, 0.6799013614654541, 0.38345006108283997, 0.0
1.0, 0.0, 0.11388496309518814, 0.25, 0.15677814185619354, 0.7417647242546082, 0.3389526307582855, 0.0, 0.41064733266830444, 0.5018675923347473
1.0, 0.0, 0.07590221613645554, 0.25, 0.11462037265300751, 0.7491207122802734, 0.30690762400627136, 0.0, 0.36057552695274353, 0.5002232789993286
1.0, 0.0, 0.04832455515861511, 0.25, 0.08505026251077652, 0.7499091625213623, 0.28513848781585693, 0.0, 0.32124096155166626, 0.5617963075637817
1.0, 0.0, 0.03529173880815506, 0.25, 0.0661800280213356, 0.6338191628456116, 0.2776811420917511, 0.0, 0.29673096537590027, 0.7242936491966248
1.0, 0.0, 0.03313833102583885, 0.25, 0.05614176020026207, 0.5164914131164551, 0.28083014488220215, 0.0, 0.28585827350616455, 0.7470654845237732
1.0, 0.0, 0.020512305200099945, 0.25, 0.03877773880958557, 0.5017655491828918, 0.2657506465911865, 0.7496747374534607, 0.2732253670692444, 0.0
1.0, 0.0, -0.0018455584067851305, 0.25, 0.013173864223062992, 0.5001834034919739, 0.2367294728755951, 0.7499644756317139, 0.2556150555610657, 0.0
1.0, 0.0, -0.013117720372974873, 0.5000187754631042, -0.025658391416072845, 0.25, 0.20681701600551605, 0.7499961853027344, 0.23629063367843628, 0.0
1.0, 0.21302099525928497, -0.03784361854195595, 0.28698092699050903, 0.1785394251346588, 0.5369786024093628, 0.2179573029279709, -0.21302099525928497, 0.3226720988750458, 0.03697900474071503
1.0, 0.03413768112659454, 0.15033650398254395, 0.7158622741699219, 0.1991763412952423, -0.03413768112659454, 0.30481958389282227, 0.21586231887340546, 0.3906962275505066, 0.46586230397224426
1.0, 0.0020607428159564734, 0.10912876576185226, 0.7479392290115356, 0.16695314645767212, -0.0020607428159564734, 0.27346301078796387, 0.24793925881385803, 0.3474350869655609, 0.49793925881385803
1.0, 7.427903619827703e-05, 0.0579388365149498, 0.7499257326126099, 0.12437179684638977, -7.427903619827703e-05, 0.23168350756168365, 0.24992571771144867, 0.2942284941673279, 0.49992573261260986
1.0, 1.4185170584823936e-06, 0.00530671700835228, 0.7499985694885254, 0.0800185576081276, -1.4185170584823936e-06, 0.1880650520324707, 0.24999858438968658, 0.23963230848312378, 0.4999985694885254
1.0, -3.63989478557869e-08, 0.035354387015104294, 3.63989478557869e-08, -0.04734273627400398, 0.7500000596046448, 0.14406666159629822, 0.2500000298023224, 0.18508018553256989, 0.5000000596046448
0.9111208319664001, 0.5, 0.10273541510105133, -0.5, 0.2117670327425003, 0.0, 0.32204362750053406, -0.25, 0.4359452724456787, 0.25
1.0, 0.7130109667778015, 0.09175951033830643, -0.7130109667778015, 0.19760964810848236, -0.21301093697547913, 0.312789648771286, -0.4630109369754791, 0.41784101724624634, 0.036989063024520874
1.0, 0.7477986812591553, 0.06570922583341599, -0.7477986812591553, 0.16657394170761108, -0.24779869616031647, 0.28808775544166565, -0.4977986812591553, 0.36144986748695374, 0.0022013040725141764
1.0, 0.7499217391014099, 0.028552290052175522, -0.7499217391014099, 0.12412911653518677, -0.2499217540025711, 0.2485891729593277, -0.4999217689037323, 0.2894276976585388, 7.824538624845445e-05
1.0, 0.7499985694885254, -0.010842637158930302, -0.7499985694885254, 0.08080525696277618, -0.2499985694885254, 0.20390886068344116, -0.4999985694885254, 0.21750299632549286, 1.4366572713697678e-06
1.0, 0.75, -0.03829358145594597, -0.75, 0.0503426268696785, -0.25, 0.16137810051441193, -1.3844238644367124e-08, 0.16969527304172516, -0.5
1.0, 0.5373367071151733, 0.03174133971333504, -0.037336692214012146, 0.12050537765026093, 0.21266330778598785, 0.1459793746471405, -0.28733670711517334, 0.3297014832496643, 0.21266289055347443
1.0, 0.5036269426345825, 0.026431074365973473, -0.0036269398406147957, 0.09613816440105438, 0.24637305736541748, 0.13474005460739136, -0.2536269426345825, 0.32146400213241577, 0.2463730275630951
1.0, 0.7113873362541199, 0.03329222649335861, -0.21138735115528107, -0.04875797778367996, -0.7113873362541199, 0.08675046265125275, 0.038612641394138336, 0.1351589411497116, -0.46138736605644226
1.0, 0.7459736466407776, -0.03959805518388748, -0.7459736466407776, 0.04053530469536781, -0.24597367644309998, 0.0800996944308281, 0.004026324953883886, 0.1356169432401657, -0.4959736764431
1.0, 0.7496852874755859, 0.03546535596251488, -0.24968530237674713, -0.04275575280189514, -0.7496852874755859, 0.06307344883680344, 0.0003146962553728372, 0.12351948022842407, -0.4996853172779083
0.9014932513237, 0.75, 0.09423859417438507, -0.75, 0.20815317332744598, -0.25, 0.3160853981971741, -0.75, 0.42872679233551025, -0.5
1.0, 0.75, 0.06969384849071503, -0.5917371511459351, 0.201319620013237, -0.25, 0.30348315834999084, -0.75, 0.4108664095401764, -0.5
1.0, 0.75, 0.030241502448916435, -0.5103316903114319, 0.17759019136428833, -0.25, 0.2690308392047882, -0.75, 0.3769649863243103, -0.5
1.0, 0.5354469418525696, -0.018725473433732986, -0.2865285575389862, 0.14164994657039642, 0.019411886110901833, 0.22126014530658722, -0.5354469418525696, 0.3320476710796356, -0.28544697165489197
1.0, 0.2877747714519501, 0.10274200141429901, 0.43843528628349304, 0.1702805459499359, -0.2877747714519501, 0.2847661077976227, -0.03777478262782097, 0.40223371982574463, -0.2877747714519501
1.0, 0.46637293696403503, 0.06455802172422409, 0.2815095782279968, 0.11763089895248413, -0.46637293696403503, 0.23594500124454498, -0.21637293696403503, 0.35686391592025757, -0.46637293696403503
1.0, 0.2837904095649719, 0.026786236092448235, 0.4660297930240631, 0.06491327285766602, -0.2837904095649719, 0.1868223398923874, -0.03379042446613312, 0.31103014945983887, -0.2837904095649719
1.0, 0.25201767683029175, -0.011607679538428783, 0.4979672133922577, 0.011695285327732563, -0.25201767683029175, 0.13678821921348572, -0.0020176649559289217, 0.26412975788116455, -0.25201767683029175
1.0, 0.25008195638656616, -0.04115483537316322, -0.25008195638656616, 0.0866381824016571, -8.196701674023643e-05, 0.21696880459785461, -0.25008195638656616, 0.31763243675231934, 0.24991802871227264
1.0, 0.2500021457672119, 0.0364396907389164, -2.1361511244322173e-06, 0.16962586343288422, -0.2500021457672119, 0.2747776210308075, 0.24999786913394928, 0.3719891607761383, -2.1361511244322173e-06
0.8918920755386353, 0.25, 0.10230527073144913, 0.0, 0.20534853637218475, 0.25, 0.29981523752212524, 0.25, 0.39653444290161133, 0.5
1.0, 0.4630109369754791, 0.09350129961967468, -0.21301093697547913, 0.17317764461040497, 0.18292982876300812, 0.28493016958236694, 0.036989063024520874, 0.38439860939979553, 0.2869890630245209
1.0, 0.4971237778663635, 0.0819680392742157, -0.24712377786636353, 0.1326734572649002, 0.23937129974365234, 0.26500341296195984, 0.0028762216679751873, 0.3693949282169342, 0.2528762221336365
1.0, 0.4998566210269928, 0.05435079336166382, -0.249856635928154, 0.08332956582307816, 0.24855026602745056, 0.23018358647823334, 0.00014336686581373215, 0.3408419191837311, 0.2501433789730072
1.0, 0.4999958872795105, 0.015665525570511818, -0.2499958872795105, 0.026185141876339912, 0.24982284009456635, 0.18367740511894226, 4.114674993616063e-06, 0.3013652563095093, 0.2500041127204895
1.0, 0.49999991059303284, -0.012056089006364346, -0.24999989569187164, -0.018317777663469315, 0.24997997283935547, 0.1471998691558838, 9.940268341779301e-08, 0.27227503061294556, 0.25000008940696716
1.0, 0.5, -0.02954462356865406, -0.25, 0.12039192765951157, 3.3219289541364105e-09, 0.25292035937309265, 0.25, 0.286643922328949, -0.4999791085720062
1.0, 0.5, -0.032561007887125015, -0.25, 0.10780195146799088, 2.1778956416085293e-10, 0.24765653908252716, 0.25, 0.2789495289325714, -0.4999980628490448
1.0, 0.5, -0.037394095212221146, -0.25, 0.09337081015110016, 1.6172174710504805e-11, 0.24030721187591553, 0.25, 0.2705858647823334, -0.4999998211860657
1.0, 0.28669267892837524, 0.07197268307209015, 0.21330732107162476, 0.2256833165884018, 0.46330732107162476, 0.25575149059295654, -0.28669264912605286, 0.41821202635765076, 0.21330732107162476
1.0, 0.25284120440483093, 0.04811251163482666, 0.24715879559516907, 0.20826248824596405, 0.49715879559516907, 0.23856483399868011, -0.25284120440483093, 0.399997353553772, 0.24715879559516907
1.0, 0.037174150347709656, 0.025565501302480698, 0.46282583475112915, 0.19181491434574127, 0.7128258347511292, 0.2225916087627411, -0.037174150347709656, 0.383215993642807, 0.46282583475112915
1.0, 0.003598517971113324, 0.014539689756929874, 0.49640148878097534, 0.1865563690662384, 0.7464014887809753, 0.21793407201766968, -0.003598517971113324, 0.3780091106891632, 0.49640148878097534
1.0, 0.00036362651735544205, 0.014044506475329399, 0.49963638186454773, 0.19151058793067932, 0.7496363520622253, 0.22355474531650543, -0.00036362651735544205, 0.3833371698856354, 0.49963638186454773
1.0, 3.6613739212043583e-05, 0.015564979985356331, 0.4999633729457855, 0.19817975163459778, 0.7499634027481079, 0.23092417418956757, -3.6613739212043583e-05, 0.39065057039260864, 0.4999633729457855
1.0, 3.6795606774830958e-06, 0.017625657841563225, 0.4999963343143463, 0.20510615408420563, 0.7499963045120239, 0.23856961727142334, -3.6795606774830958e-06, 0.39844974875450134, 0.4999963343143463
1.0, 2.857921685972542e-07, 0.007397822104394436, 0.4999997019767761, 0.1994784027338028, 0.7499997019767761, 0.2336738109588623, -2.857921685972542e-07, 0.39388933777809143, 0.4999997019767761
1.0, 2.4510287133239217e-08, -0.000361057638656348, 0.4999999701976776, 0.19607029855251312, 0.75, 0.23100975155830383, -2.4510287133239217e-08, 0.39171525835990906, 0.4999999701976776
1.0, 2.442826607662596e-09, 0.0006249996367841959, 0.5, 0.20117305219173431, 0.75, 0.2368704378604889, -2.442826385617991e-09, 0.3981954753398895, 0.5
1.0, 1.9021983987954627e-10, -0.009309890680015087, 0.5, 0.19513475894927979, 0.75, 0.23160725831985474, -1.9021983987954627e-10, 0.39365828037261963, 0.5
1.0, 0.2133626639842987, -0.0278158001601696, 0.2866373360157013, 0.18031829595565796, 0.5366373062133789, 0.217586949467659, -0.2133626639842987, 0.38044944405555725, 0.2866373360157013
1.0, 0.24783766269683838, 0.14990337193012238, 0.5021623373031616, 0.18799333274364471, -0.24783766269683838, 0.35173362493515015, 0.2521623373031616, 0.3572966754436493, 0.002162336139008403
1.0, 0.24988622963428497, 0.12136802822351456, 0.5001137852668762, 0.1603086292743683, -0.24988622963428497, 0.32497546076774597, 0.25011375546455383, 0.32705363631248474, 0.0001137659273808822
1.0, 0.24999286234378815, 0.1012965515255928, 0.500007152557373, 0.14112114906311035, -0.24999286234378815, 0.30509623885154724, 7.1322442636301275e-06, 0.3067471385002136, 0.25000712275505066
1.0, 0.4629606008529663, 0.08392716199159622, 0.2870393991470337, 0.12467296421527863, -0.4629606008529663, 0.2856570780277252, -0.2129606157541275, 0.2912759482860565, 0.037039391696453094
1.0, 0.4971178472042084, 0.06553208082914352, 0.2528821527957916, 0.10723992437124252, -0.4971178472042084, 0.2650035321712494, -0.24711783230304718, 0.2748240530490875, 0.0028821653686463833
1.0, 0.7128125429153442, 0.04842665418982506, 0.03718746080994606, 0.0911407619714737, -0.7128125429153442, 0.24544692039489746, -0.46281254291534424, 0.25969767570495605, -0.21281254291534424
1.0, 0.7471106648445129, 0.030017662793397903, 0.002889312570914626, 0.07378539443016052, -0.7471106648445129, 0.2243908941745758, -0.4971106946468353, 0.24329514801502228, -0.24711069464683533
0.9025528430938721, 0.0, 0.10819180309772491, 0.0, 0.2082473486661911, 0.0, 0.30510732531547546, 0.75, 0.4135548174381256, 0.0
1.0, 0.21301093697547913, 0.08722257614135742, -0.21301093697547913, 0.1907282918691635, -0.008504585362970829, 0.29755622148513794, 0.5369890332221985, 0.3982001841068268, -0.21301093697547913
1.0, 0.24712377786636353, 0.056148115545511246, -0.24712377786636353, 0.16814269125461578, 0.19670887291431427, 0.28749269247055054, 0.5028762221336365, 0.37688007950782776, -0.24712377786636353
1.0, 0.249856635928154, 0.016211023554205894, -0.249856635928154, 0.1362542361021042, 0.24467411637306213, 0.26015952229499817, 0.5001433491706848, 0.33981508016586304, -0.249856635928154
1.0, 0.4645489454269409, -0.030916305258870125, -0.4645489454269409, 0.09626986086368561, 0.034951262176036835, 0.22099189460277557, 0.2854510545730591, 0.2913902997970581, -0.4645489454269409
1.0, 0.49794167280197144, 0.05089797079563141, -0.01011707354336977, 0.17782838642597198, 0.25205832719802856, 0.23716403543949127, -0.32708364725112915, 0.37437498569488525, -0.002329834969714284
0.8761876225471497, 0.75, 0.1120462566614151, -0.75, 0.22053185105323792, -0.5, 0.32533571124076843, -0.75, 0.42796143889427185, -0.75
1.0, 0.75, 0.09768843650817871, -0.75, 0.1969435214996338, -0.3417584300041199, 0.3044198155403137, -0.75, 0.4133647084236145, -0.75
1.0, 0.5369890332221985, 0.06995300203561783, -0.347773015499115, 0.17321932315826416, -0.04710669443011284, 0.26454803347587585, -0.5369890332221985, 0.39175447821617126, -0.5369890332221985
1.0, 0.5035830140113831, 0.054612897336483, -0.26019927859306335, 0.16101431846618652, -0.0046065691858530045, 0.23074105381965637, -0.5035830140113831, 0.3790580928325653, -0.5035830140113831
1.0, 0.5002837777137756, 0.039242323487997055, -0.25095313787460327, 0.1411312222480774, 0.11556179076433182, 0.19563435018062592, -0.5002837777137756, 0.3678032457828522, -0.5002837777137756
1.0, 0.7133278250694275, 0.019840700551867485, -0.46339187026023865, 0.11000492423772812, 0.0196521058678627, 0.15670618414878845, -0.7133278250694275, 0.3523377478122711, -0.7133278250694275
0.8763031959533691, 0.25, 0.09443078190088272, -0.25, 0.20623870193958282, 0.5, 0.3127167820930481, 0.25, 0.4086732268333435, 0.5
1.0, 0.036989063024520874, 0.07597243040800095, -0.036989063024520874, 0.18539492785930634, 0.7130109667778015, 0.3007751703262329, 0.40818220376968384, 0.3772493898868561, 0.7130109667778015
1.0, 0.0028762216679751873, 0.05576087534427643, -0.0028762216679751873, 0.14868615567684174, 0.7471237778663635, 0.28343823552131653, 0.3068198263645172, 0.32591894268989563, 0.7471237778663635
1.0, 0.00019763399905059487, 0.035203758627176285, -0.00019763399905059487, 0.10159184783697128, 0.7498023509979248, 0.26499664783477783, 0.2622678577899933, 0.26610174775123596, 0.5412537455558777
